50 50 82 2378 0
L 3 0 24 16
L 3 1 32 22
L 3 1 37 35
L 3 0 30 40
L 3 1 3 44
L 3 0 33 18
L 3 0 24 47
L 3 1 32 19
L 3 1 24 17
L 3 1 12 10
L 3 1 44 37
L 3 0 1 43
L 3 0 5 46
L 3 1 21 18
L 3 0 34 27
L 3 1 23 46
L 3 0 7 34
L 3 0 23 14
L 3 0 33 24
L 3 1 21 11
L 3 0 30 20
L 3 2 33 40
L 3 2 30 22
L 3 2 36 36
L 3 2 17 10
L 3 2 10 33
L 3 2 23 29
L 3 2 6 27
L 3 2 8 33
L 3 2 23 18
L 3 2 1 43
L 3 2 20 44
L 3 2 28 15
L 3 2 31 20
L 3 2 29 18
L 3 2 6 45
L 3 1 4 26
L 3 2 22 14
L 3 3 29 17
L 3 3 41 42
L 3 3 7 33
L 3 3 19 35
L 3 3 5 36
L 3 3 18 10
L 3 3 24 45
L 3 3 17 18
L 3 3 3 30
L 3 3 25 29
L 3 3 30 23
L 3 3 0 41
L 3 3 31 23
L 3 3 3 43
L 3 3 42 43
L 3 4 4 27
L 3 4 15 18
L 3 4 32 17
L 3 4 14 20
L 3 4 15 21
L 3 4 2 42
L 3 5 5 45
L 3 5 28 37
L 3 5 22 40
L 3 6 22 43
L 3 6 26 23
L 3 6 26 48
L 3 6 8 46
L 3 6 32 41
L 3 6 17 16
L 3 6 18 19
L 3 6 7 25
L 3 6 16 21
L 3 6 32 26
L 3 6 33 36
L 3 6 15 17
L 3 6 13 8
L 3 6 20 4
L 3 6 26 30
L 3 7 29 36
L 3 7 33 27
L 3 7 25 47
L 3 7 19 10
L 3 7 5 35
L 3 8 28 18
L 3 8 19 34
L 3 8 28 16
L 3 8 8 34
L 3 8 9 32
L 3 8 12 11
L 3 8 7 45
L 3 8 21 44
L 3 8 42 37
L 3 9 22 13
L 3 9 26 24
L 3 9 29 25
L 3 9 10 19
L 3 9 29 24
L 3 9 7 24
L 3 9 28 45
L 3 9 11 12
L 3 10 30 18
L 3 10 7 40
L 3 11 21 43
L 3 11 8 40
L 3 11 3 28
L 3 11 28 27
L 3 11 31 19
L 3 11 24 18
L 3 11 39 44
L 3 11 26 28
L 3 12 7 32
L 3 12 14 18
L 3 12 22 41
L 3 12 31 25
L 3 12 5 34
L 3 12 37 44
L 3 13 35 29
L 3 13 21 14
L 3 13 5 26
L 3 14 4 29
L 3 14 33 20
L 3 15 7 26
L 3 15 18 20
L 3 15 39 36
L 3 15 8 47
L 3 15 28 41
L 3 16 21 40
L 3 16 5 44
L 3 17 26 39
L 3 17 15 31
L 3 17 33 19
L 3 17 23 20
L 3 18 38 46
L 3 18 23 16
L 3 18 2 43
L 3 18 16 30
L 3 18 21 20
L 3 18 4 46
L 3 19 4 44
L 3 19 3 45
L 3 19 38 36
L 3 19 28 36
L 3 19 8 24
L 3 19 3 37
L 3 20 29 15
L 3 20 41 45
L 3 22 41 41
L 3 22 37 41
L 3 22 28 42
L 3 22 7 39
L 3 23 20 9
L 3 23 29 16
L 3 23 15 16
L 3 23 17 21
L 3 23 41 44
L 3 23 38 37
L 3 24 3 42
L 3 24 38 43
L 3 24 32 21
L 3 25 26 25
L 3 25 30 19
L 3 25 14 17
L 3 27 41 37
L 3 27 36 31
L 3 27 36 46
L 3 27 21 8
L 3 28 13 35
L 3 28 15 9
L 3 28 26 31
L 3 29 24 38
L 3 29 31 15
L 3 29 6 25
L 3 29 41 43
L 3 30 30 16
L 3 30 37 46
L 3 30 31 22
L 3 31 37 45
L 3 32 27 36
L 3 33 33 35
L 3 33 7 42
L 3 33 31 17
L 3 33 40 44
L 3 34 1 41
L 3 34 20 43
L 3 35 40 43
L 3 35 9 24
L 3 35 33 42
L 3 37 2 41
L 3 37 37 36
L 3 38 23 17
L 3 38 27 38
L 3 38 20 42
L 3 39 3 36
L 3 40 39 42
L 3 40 24 27
L 3 40 22 16
L 3 40 26 26
L 3 40 5 40
L 3 41 30 24
L 3 41 5 30
L 3 41 30 17
L 3 41 4 35
L 3 41 29 26
L 3 42 22 12
L 3 42 22 18
L 3 42 24 39
L 3 43 19 33
L 3 43 33 26
L 3 43 30 25
L 3 43 26 40
L 3 43 22 17
L 3 44 13 7
L 3 44 30 27
L 3 44 13 18
L 3 44 13 20
L 3 44 29 27
L 3 44 10 46
L 3 44 26 29
L 3 45 27 27
L 3 46 31 21
L 3 46 35 37
L 3 46 31 16
L 3 47 17 22
L 3 47 23 19
L 3 47 32 27
L 3 47 19 11
L 3 47 26 27
L 3 48 32 20
L 3 48 34 39
L 3 48 20 10
L 3 49 31 24
L 3 49 21 9
L 3 49 33 28
L 3 50 20 29
L 3 50 32 23
L 3 50 22 21
L 3 50 15 22
L 3 50 4 37
L 3 50 30 26
L 3 50 8 32
L 3 51 33 38
L 3 51 21 19
L 3 52 20 33
L 3 52 17 23
L 3 52 21 15
L 3 52 19 25
L 3 52 8 25
L 3 52 21 17
L 3 52 21 10
L 3 53 40 42
L 3 53 18 21
L 3 53 6 40
L 3 53 19 20
L 3 53 22 30
L 3 53 9 34
L 3 54 24 29
L 3 54 14 8
L 3 54 5 28
L 3 54 33 29
L 3 54 25 27
L 3 54 31 47
L 3 54 0 29
L 3 54 19 32
L 3 54 7 41
L 3 54 24 28
L 3 55 25 28
L 3 55 21 30
L 3 55 35 32
L 3 55 23 28
L 3 55 20 11
L 3 55 14 32
L 3 55 6 26
L 3 56 19 19
L 3 56 17 25
L 3 56 21 13
L 3 56 19 17
L 3 56 21 29
L 3 56 20 12
L 3 56 23 26
L 3 56 4 30
L 3 56 10 24
L 3 56 3 29
L 3 56 21 16
L 3 57 8 29
L 3 57 10 27
L 3 57 22 11
L 3 57 39 37
L 3 57 17 27
L 3 57 16 9
L 3 57 21 41
L 3 57 2 30
L 3 57 20 17
L 3 57 8 26
L 3 57 21 42
L 3 57 32 28
L 3 57 25 26
L 3 57 12 22
L 3 57 12 23
L 3 57 8 28
L 3 58 18 18
L 3 58 13 23
L 3 58 10 25
L 3 58 10 32
L 3 58 18 29
L 3 58 11 22
L 3 58 25 39
L 3 58 23 27
L 3 58 11 25
L 3 58 2 32
L 3 58 22 15
L 3 58 20 13
L 3 59 11 21
L 3 59 34 32
L 3 59 16 28
L 3 59 14 9
L 3 59 4 34
L 3 59 7 46
L 3 59 21 12
L 3 59 16 16
L 3 59 32 29
L 3 59 12 24
L 3 59 2 34
L 3 59 24 40
L 3 59 33 30
L 3 59 12 25
L 3 59 19 18
L 3 59 12 20
L 3 60 4 31
L 3 60 24 26
L 3 60 19 14
L 3 60 25 40
L 3 60 25 38
L 3 60 18 23
L 3 60 2 35
L 3 60 15 20
L 6 60 5 27
L 3 60 14 34
L 3 60 33 32
L 3 60 20 15
L 3 60 9 31
L 3 60 19 22
L 3 60 14 19
L 3 60 16 25
L 3 61 15 23
L 3 61 12 19
L 3 61 11 26
L 3 61 19 13
L 3 61 20 27
L 3 61 15 8
L 3 61 8 27
L 3 61 27 39
L 3 61 18 12
L 3 61 14 23
L 3 61 35 30
L 3 61 13 33
L 3 61 2 33
L 3 61 27 37
L 3 61 14 22
L 3 62 17 11
L 3 62 31 49
L 3 62 19 12
L 3 62 18 27
L 3 62 1 30
L 3 62 11 31
L 3 62 11 23
L 3 62 20 32
L 3 62 13 32
L 3 62 2 29
L 3 62 1 35
L 3 62 15 24
L 3 62 18 14
L 3 62 10 31
L 3 62 8 31
L 3 62 13 19
L 3 63 9 27
L 3 63 23 30
L 3 63 41 47
L 3 63 21 32
L 3 63 20 31
L 3 63 12 31
L 3 63 26 41
L 3 63 15 10
L 3 63 15 13
L 3 63 16 11
L 3 63 16 24
L 3 63 12 18
L 3 63 33 31
L 3 63 9 26
L 3 63 32 18
L 3 63 17 20
L 3 63 8 30
L 3 63 16 14
L 3 63 18 11
L 3 63 9 29
L 3 64 22 29
L 3 64 14 12
L 3 64 19 15
L 3 64 2 31
L 3 64 25 45
L 3 64 19 23
L 3 64 10 30
L 3 64 7 27
L 3 64 31 32
L 3 64 10 26
L 3 64 11 19
L 3 64 9 28
L 3 64 10 45
L 3 64 17 13
L 3 64 0 35
L 3 64 19 21
L 3 65 31 46
L 3 65 11 27
L 3 65 16 12
L 3 65 14 10
L 3 65 0 34
L 3 65 33 33
L 3 65 20 28
L 3 65 9 42
L 3 65 13 11
L 3 65 12 30
L 3 65 16 15
L 3 65 16 13
L 3 65 12 29
L 3 65 32 49
L 3 65 20 26
L 3 65 11 30
L 3 65 35 31
L 3 65 10 29
L 3 65 20 23
L 3 65 34 30
L 3 65 19 26
L 3 65 8 45
L 3 66 12 15
L 3 66 12 17
L 3 66 21 27
L 3 66 19 24
L 3 66 10 28
L 3 66 12 12
L 3 66 12 14
L 3 66 6 44
L 3 66 34 33
L 3 66 1 31
L 3 66 13 12
L 3 66 11 24
L 3 66 17 14
L 3 66 18 28
L 3 66 19 31
L 3 66 8 44
L 3 66 31 18
L 3 66 9 41
L 3 66 38 42
L 3 66 13 34
L 3 66 16 22
L 3 66 0 30
L 3 66 0 32
L 3 66 9 43
L 3 66 36 37
L 3 66 26 37
L 3 66 14 13
L 3 67 18 22
L 3 67 33 41
L 3 67 17 15
L 3 67 8 42
L 3 67 13 17
L 3 67 12 16
L 3 67 12 27
L 3 67 15 30
L 3 67 4 45
L 6 67 22 28
L 3 67 11 20
L 3 67 12 32
L 3 67 8 43
L 3 67 5 42
L 3 67 26 38
L 3 67 21 31
L 3 67 13 29
L 3 67 1 32
L 3 67 14 14
L 3 68 15 14
L 3 68 16 10
L 3 68 27 40
L 3 68 5 33
L 3 68 14 16
L 3 68 3 32
L 3 68 22 27
L 3 68 13 13
L 3 68 12 28
L 3 68 6 42
L 3 68 18 24
L 3 68 18 32
L 3 68 3 34
L 6 68 9 30
L 3 68 37 43
L 3 68 1 29
L 3 68 39 40
L 3 68 17 28
L 3 69 0 31
L 3 69 14 28
L 3 69 18 13
L 3 69 0 33
L 3 69 17 24
L 3 69 17 17
L 3 69 32 30
L 3 69 1 34
L 3 69 34 35
L 3 69 13 27
L 3 69 34 34
L 3 69 7 44
L 3 69 13 16
L 3 69 20 14
L 3 69 5 41
L 3 69 38 47
L 3 69 13 14
L 3 69 9 33
L 3 69 27 47
L 3 70 29 49
L 3 70 12 13
L 3 70 30 48
L 3 70 7 43
L 3 70 13 15
L 3 70 34 36
L 3 70 31 40
L 3 70 26 42
L 3 70 18 30
L 3 70 3 35
L 3 70 25 43
L 3 70 21 26
L 3 70 5 43
L 6 70 3 31
L 3 70 6 41
L 3 71 16 26
L 6 71 33 48
L 3 71 9 25
L 3 71 28 47
L 3 71 35 35
L 6 71 4 32
L 3 71 14 15
L 3 71 14 11
L 3 71 15 15
L 3 71 1 40
L 3 71 40 41
L 3 71 18 31
L 3 71 25 41
L 3 71 13 28
L 3 72 4 33
L 3 72 26 46
L 3 72 25 42
L 3 72 3 40
L 3 72 30 41
L 3 72 30 49
L 3 72 28 49
L 3 72 16 31
L 3 72 40 37
L 6 72 16 23
L 3 72 27 45
L 3 72 18 25
L 3 72 8 41
L 3 72 17 30
L 3 72 27 42
L 3 72 36 40
L 3 73 1 37
L 3 73 28 48
L 3 73 28 43
L 3 73 0 38
L 3 73 3 39
L 3 73 26 45
L 3 73 30 47
L 3 73 16 29
L 3 73 35 39
L 3 73 29 46
L 3 73 15 29
L 3 73 2 40
L 3 73 4 36
L 3 73 11 28
L 3 73 37 42
L 3 73 2 36
L 3 73 3 33
L 3 74 1 38
L 3 74 16 27
L 3 74 38 40
L 3 74 15 28
L 3 74 27 44
L 3 74 1 39
L 3 74 16 17
L 3 74 6 43
L 3 74 11 29
L 3 74 27 46
L 3 74 15 11
L 3 75 39 41
L 3 75 28 46
L 3 75 15 27
L 3 75 26 43
L 3 75 0 40
L 3 75 38 39
L 3 75 1 36
L 3 75 26 44
L 3 75 1 33
L 3 75 34 38
L 3 76 28 44
L 3 76 20 16
L 6 76 20 25
L 3 76 17 29
L 3 76 2 39
L 3 77 14 24
L 3 77 39 38
L 3 77 2 37
L 6 77 27 41
L 3 77 37 38
L 3 77 2 38
L 3 77 39 43
L 3 77 35 38
L 3 78 0 37
L 3 78 13 24
L 6 78 25 46
L 3 78 4 40
L 3 78 15 12
L 3 78 34 40
L 6 78 32 31
L 3 78 37 37
L 3 78 3 38
L 3 79 37 40
L 3 79 25 44
L 3 79 0 39
L 3 79 29 47
L 3 80 37 39
L 3 80 29 48
L 3 81 27 43
L 3 82 38 38
L 3 82 36 38
L 3 82 10 44
L 3 82 26 47
L 15 82 31 48
L 3 82 21 28
L 3 82 35 36
L 3 82 11 32
L 6 82 23 25
L 3 82 14 27
L 3 82 3 41
W 9 0 37 27
W 9 0 33 3
W 9 1 11 41
W 9 1 41 31
W 9 1 34 45
W 9 1 12 42
W 9 1 32 37
W 9 1 33 1
W 9 1 36 43
W 9 1 38 29
W 9 1 32 2
W 9 1 11 10
W 9 1 35 47
W 9 1 29 33
W 9 1 37 5
W 9 1 45 0
W 9 1 43 41
W 9 1 46 6
W 9 1 21 22
W 9 1 34 46
W 9 1 9 12
W 9 1 41 3
W 9 1 47 9
W 9 1 34 7
W 9 0 9 11
W 9 1 39 49
W 9 1 13 38
W 9 1 42 30
W 9 0 34 5
W 9 1 37 6
W 9 0 9 36
W 9 2 37 29
W 9 2 10 39
W 9 2 44 3
W 9 2 32 36
W 9 2 33 3
W 9 2 30 42
W 9 2 42 39
W 9 1 38 28
W 9 1 46 7
W 9 2 42 5
W 9 2 36 29
W 9 2 38 48
W 9 2 36 7
W 9 2 24 22
W 9 2 39 33
W 9 2 9 20
W 9 2 49 7
W 9 2 49 4
W 9 2 42 30
W 9 2 28 35
W 9 2 35 5
W 9 3 40 3
W 9 3 21 21
W 9 3 9 18
W 9 3 12 38
W 9 3 32 43
W 9 3 10 36
W 9 3 48 10
W 9 3 42 42
W 9 3 10 14
W 9 3 44 5
W 9 3 41 32
W 9 3 9 13
W 9 3 45 1
W 9 3 38 49
W 9 3 12 40
W 9 4 12 44
W 9 4 35 7
W 9 4 37 28
W 9 4 17 35
W 9 4 25 22
W 9 4 40 31
W 9 3 12 38
W 9 4 30 45
W 9 5 42 41
W 9 5 15 34
W 9 5 47 8
W 9 5 48 4
W 9 5 22 20
W 9 6 29 41
W 9 6 9 12
W 9 6 9 15
W 9 6 9 39
W 9 6 39 35
W 9 6 43 5
W 9 6 18 36
W 9 6 35 43
W 9 6 38 2
W 9 6 34 44
W 9 6 33 46
W 9 6 34 0
W 9 6 9 35
W 9 7 46 4
W 9 7 23 22
W 9 7 45 6
W 9 7 42 31
W 9 7 27 49
W 9 8 41 34
W 9 8 49 11
W 9 8 32 44
W 9 8 33 2
W 9 8 40 4
W 9 9 21 23
W 9 9 25 22
W 9 9 10 11
W 9 9 28 40
W 9 9 46 5
W 9 9 42 38
W 9 9 30 43
W 9 9 12 39
W 9 10 42 40
W 9 10 36 4
W 9 10 35 42
W 9 11 31 44
W 9 11 45 2
W 9 12 16 34
W 9 12 36 8
W 9 12 14 39
W 9 12 22 22
W 9 13 41 40
W 9 13 44 0
W 9 14 49 10
W 9 14 41 1
W 9 14 36 5
W 9 14 25 23
W 9 14 34 2
W 9 14 36 6
W 9 15 8 22
W 9 15 37 49
W 9 15 29 34
W 9 15 30 35
W 9 16 36 47
W 9 16 37 32
W 9 17 38 31
W 9 17 8 23
W 9 18 40 35
W 9 19 11 11
W 9 19 10 18
W 9 20 31 33
W 9 20 42 3
W 9 21 41 30
W 9 21 39 2
W 9 21 40 2
W 9 21 9 23
W 9 22 29 42
W 9 22 39 1
W 9 23 9 16
W 9 23 37 47
W 9 24 16 33
W 9 25 49 5
W 9 27 42 36
W 9 27 41 36
W 9 27 25 25
W 9 28 33 47
W 9 28 48 9
W 9 29 48 8
W 9 30 10 20
W 9 31 10 38
W 9 31 35 48
W 9 31 36 3
W 9 32 30 34
W 9 32 18 34
W 9 32 10 16
W 9 33 17 34
W 9 33 9 17
W 9 33 22 24
W 9 34 9 22
W 9 34 15 32
W 9 34 41 33
W 9 35 45 5
W 9 36 41 39
W 9 36 33 43
W 9 37 48 4
W 9 37 45 3
W 9 40 36 30
W 9 41 36 48
W 9 41 22 19
W 9 42 31 34
W 9 43 36 49
W 9 43 35 40
W 9 44 33 44
W 9 44 35 1
W 9 46 16 32
W 9 46 35 6
W 9 48 36 2
W 9 48 34 41
W 9 49 29 43
W 9 49 37 3
W 9 50 29 35
W 9 52 38 28
W 9 53 9 21
W 9 53 37 48
W 9 54 22 26
W 9 54 20 24
W 9 54 24 24
W 9 55 31 45
W 9 55 10 23
W 9 56 35 49
W 9 57 37 2
W 9 57 24 23
W 9 57 37 30
W 9 57 28 39
W 9 57 10 21
W 9 58 32 46
W 9 58 38 30
W 9 58 34 49
W 9 58 49 6
W 9 59 11 18
W 9 59 48 5
W 9 59 33 37
W 9 59 24 25
W 9 59 32 0
W 9 59 11 43
W 9 60 40 36
W 9 60 35 4
W 9 60 35 2
W 9 60 48 6
W 9 60 23 23
W 9 60 40 29
W 9 61 21 25
W 9 62 33 49
W 9 62 32 32
W 9 62 23 24
W 9 62 37 1
W 9 62 10 43
W 9 62 34 1
W 9 62 11 15
W 9 63 32 48
W 9 63 32 33
W 9 63 10 17
W 9 63 36 0
W 9 64 12 45
W 9 64 36 42
W 9 64 37 0
W 9 64 47 7
W 9 65 11 42
W 9 65 11 38
W 9 65 48 7
W 9 65 35 0
W 9 65 22 23
W 9 65 33 34
W 9 65 26 49
W 9 66 11 17
W 9 66 18 26
W 9 66 10 42
W 9 66 11 14
W 9 66 11 40
W 9 66 33 45
W 9 66 10 40
W 9 66 32 34
W 9 67 40 39
W 9 67 11 39
W 9 67 39 0
W 9 67 9 40
W 9 67 10 13
W 9 67 39 31
W 9 67 31 36
W 9 68 22 25
W 9 68 17 26
W 9 68 47 6
W 9 68 40 30
W 9 69 18 33
W 9 69 8 39
W 9 69 34 48
W 9 69 38 0
W 9 69 34 47
W 9 69 12 41
W 9 69 31 35
W 9 69 10 15
W 9 70 34 37
W 9 70 39 39
W 9 70 30 44
W 9 70 45 4
W 9 70 44 2
W 9 70 34 43
W 9 70 17 33
W 9 70 35 3
W 9 70 15 33
W 9 71 35 41
W 9 71 32 45
W 9 71 42 0
W 9 71 17 32
W 9 71 44 1
W 9 71 40 32
W 9 71 36 1
W 9 71 32 47
W 9 71 43 3
W 9 72 21 24
W 9 72 38 41
W 9 72 32 35
W 9 72 41 0
W 9 72 14 35
W 9 72 40 34
W 9 73 43 2
W 9 73 40 40
W 9 74 10 41
W 9 75 40 1
W 9 75 43 0
W 9 75 41 4
W 9 76 42 4
W 9 76 44 4
W 9 76 39 3
W 9 76 41 38
W 9 76 29 44
W 9 77 38 1
W 9 77 42 35
W 9 77 43 4
W 9 77 34 42
W 9 77 43 1
W 9 78 42 2
W 9 78 41 2
W 9 79 40 0
W 9 79 17 31
W 9 79 29 45
W 9 80 42 1
W 12 82 27 48
W 9 82 11 16
W 9 82 40 38
W 9 82 36 39
W 9 82 36 41
W 9 82 10 22
O 4 1 4 1
O 4 2 2 3
O 4 2 6 1
O 4 2 1 2
O 4 5 6 0
O 4 6 0 3
O 4 7 2 2
O 4 13 2 1
O 4 13 0 2
O 4 20 0 0
O 4 22 3 2
O 4 47 1 1
O 4 49 4 0
O 4 72 1 0
O 4 75 2 0
O 4 78 3 1
O 4 82 0 1
Z 2 33 45 19
Z 2 81 46 20
Z 2 82 22 42
J 99 1 17 4
B 10 1 34 13
B 10 1 14 37
T 0 1 47 12
M 0 1 37 23
J 99 1 19 46
J 99 1 38 13
B 10 1 38 7
B 10 1 21 46
B 10 2 34 25
J 99 2 13 41
B 10 2 4 25
J 99 2 20 7
J 99 2 13 42
J 99 2 19 36
J 99 2 43 32
B 10 2 38 6
J 99 2 14 38
M 0 2 7 20
J 99 3 14 36
J 99 3 8 38
B 10 3 19 8
J 99 3 34 8
J 99 3 38 12
B 10 3 44 36
J 99 3 36 23
J 99 4 43 39
J 99 4 11 46
M 0 4 37 22
B 10 4 18 6
J 99 4 33 21
J 99 4 32 3
J 99 4 11 36
J 99 4 37 15
B 10 4 8 37
J 99 4 25 32
B 10 4 36 24
J 99 4 43 31
B 10 4 43 33
J 99 4 34 9
M 0 4 36 14
J 99 4 38 27
M 0 4 38 24
J 99 5 37 11
J 99 5 35 8
J 99 5 29 11
J 99 5 34 12
B 10 5 26 11
J 99 5 19 44
J 99 5 21 5
B 10 6 35 14
J 99 6 33 9
B 10 6 13 48
B 10 6 19 7
J 99 6 26 22
J 99 6 39 13
J 99 6 35 9
B 10 6 4 3
B 10 6 39 23
M 0 6 36 15
J 99 6 27 18
M 0 6 6 21
J 99 6 19 45
B 10 7 13 46
J 99 7 47 0
M 0 7 36 16
B 10 7 26 21
B 10 7 24 15
M 0 7 38 23
B 10 7 44 32
B 10 7 35 25
M 0 7 46 18
J 99 7 18 46
J 99 7 34 11
J 99 7 38 26
J 99 7 11 47
B 10 7 5 22
B 10 8 15 36
G 0 8 45 12
J 99 8 11 37
J 99 8 38 11
B 10 8 35 26
B 10 8 38 25
M 0 9 36 17
M 0 9 47 18
M 0 9 38 22
G 0 9 46 13
B 10 9 44 35
M 0 9 46 19
J 99 9 40 11
J 99 9 18 44
J 99 9 31 2
J 99 10 42 44
J 99 10 13 43
G 0 10 46 12
J 99 11 25 21
B 10 11 35 15
B 10 11 5 47
M 0 11 20 2
J 99 11 18 45
B 10 11 37 16
M 0 11 37 17
J 99 11 20 36
J 99 11 21 6
J 99 11 15 38
J 99 11 9 14
M 0 11 38 21
T 0 11 47 13
J 99 12 3 26
J 99 12 20 39
J 99 12 39 12
J 99 12 27 10
J 99 12 23 21
J 99 12 46 1
J 99 12 8 14
M 0 12 38 20
J 99 12 31 3
J 99 12 33 10
J 99 12 29 12
J 99 12 33 7
J 99 12 31 1
J 99 13 7 38
B 10 13 25 16
T 0 13 18 47
B 10 13 17 46
J 99 13 26 32
J 99 13 33 8
T 0 14 18 48
B 10 14 33 13
M 0 14 38 19
J 99 14 46 8
B 10 14 15 37
J 99 14 37 21
J 99 14 26 33
T 0 14 17 48
J 99 14 36 22
B 10 14 8 36
T 0 15 21 36
J 99 15 39 26
T 0 15 22 49
B 10 15 35 27
J 99 15 15 39
B 10 15 3 25
B 10 15 13 47
M 0 15 39 21
J 99 16 36 21
J 99 16 4 47
M 0 16 37 18
B 10 16 37 19
M 0 16 32 6
B 10 16 7 37
J 99 17 3 27
G 0 17 17 5
T 0 17 20 47
J 99 17 20 38
B 10 17 39 22
M 0 17 39 20
M 0 17 31 5
M 0 17 47 17
J 99 17 38 14
J 99 18 33 11
J 99 18 39 27
M 0 18 31 7
J 99 18 5 2
M 0 18 44 43
J 99 18 31 0
J 99 18 29 14
B 10 18 43 44
B 10 18 39 24
J 99 18 15 40
B 10 18 25 15
J 99 18 39 11
B 10 19 36 18
J 99 19 48 0
M 0 19 30 8
J 99 19 27 35
M 0 19 31 6
B 10 19 36 26
B 10 19 39 25
B 10 19 14 46
T 0 19 21 48
B 10 20 35 22
M 0 20 30 6
J 99 20 27 9
B 10 20 14 49
J 99 20 23 44
J 99 21 27 22
J 99 21 28 9
J 99 21 37 8
J 99 21 49 3
J 99 21 30 4
J 99 21 32 7
J 99 21 37 20
J 99 21 38 44
J 99 21 20 40
J 99 21 14 42
J 99 21 27 32
M 0 21 30 5
M 0 22 40 21
J 99 22 35 21
M 0 22 30 7
J 99 22 26 18
J 99 22 31 39
J 99 22 0 5
J 99 22 32 11
B 10 22 40 22
J 99 22 6 36
J 99 22 17 38
B 10 22 28 8
J 99 23 0 4
M 0 23 40 20
T 0 23 21 49
J 99 23 39 28
J 99 23 32 16
J 99 23 29 13
J 99 23 28 10
M 0 23 26 19
B 10 23 44 34
M 0 23 29 7
B 10 24 16 38
J 99 24 39 10
M 0 24 28 5
B 10 24 26 12
J 99 24 36 20
J 99 24 10 48
M 0 24 41 21
T 0 24 15 47
B 10 24 44 41
T 0 24 17 47
J 99 24 21 7
J 99 24 13 36
B 10 24 4 48
J 99 24 48 19
T 0 25 19 47
M 0 25 26 20
M 0 25 29 5
J 99 25 30 3
J 99 25 44 40
J 99 25 40 10
J 99 25 36 32
B 10 25 31 4
B 10 25 44 33
T 0 25 20 48
B 10 25 33 16
J 99 25 18 38
J 99 25 16 39
J 99 25 30 14
B 10 25 18 7
M 0 26 20 1
B 10 26 23 47
J 99 26 29 8
J 99 26 3 47
J 99 26 49 0
J 99 26 17 45
J 99 26 11 35
B 10 26 14 47
M 0 26 27 20
M 0 26 43 19
J 99 27 40 13
J 99 27 32 15
M 0 27 44 19
M 0 27 42 22
B 10 27 27 21
B 10 27 35 23
M 0 27 47 19
J 99 27 30 13
J 99 27 6 38
M 0 27 42 21
B 10 28 14 44
M 0 28 46 17
J 99 28 22 7
B 10 28 38 17
J 99 28 31 38
J 99 28 30 12
J 99 28 23 38
J 99 28 28 22
B 10 29 21 47
J 99 29 33 12
J 99 29 38 15
J 99 29 22 6
M 0 29 29 6
G 0 29 46 11
T 0 29 20 49
J 99 29 8 12
J 99 29 31 8
J 99 29 32 8
J 99 29 32 38
J 99 30 10 7
J 99 30 14 43
J 99 30 25 18
B 10 30 38 16
J 99 31 40 28
B 10 31 45 33
M 0 31 8 11
M 0 31 38 18
J 99 31 41 12
J 99 31 18 39
J 99 31 28 23
J 99 31 38 45
B 10 31 14 48
J 99 31 36 9
J 99 32 23 12
J 99 32 30 2
J 99 32 7 0
J 99 32 8 13
J 99 32 43 30
J 99 32 3 46
B 10 32 15 49
J 99 32 9 1
J 99 32 9 7
B 10 32 33 15
J 99 32 16 40
M 0 32 8 10
B 10 33 34 14
B 10 33 34 15
J 99 33 35 20
J 99 33 17 39
J 99 33 31 12
J 99 33 9 0
J 99 33 47 1
J 99 34 10 0
J 99 34 6 39
B 10 34 40 27
B 10 34 22 47
M 0 34 7 11
J 99 34 21 35
B 10 35 35 24
J 99 35 49 1
J 99 36 17 40
J 99 36 5 38
J 99 36 19 38
J 99 36 9 6
J 99 36 13 6
J 99 36 8 0
J 99 36 0 6
J 99 36 41 28
J 99 37 20 35
J 99 37 17 44
M 0 37 39 18
B 10 38 26 9
B 10 38 10 9
B 10 38 28 7
B 10 38 24 12
M 0 39 41 23
B 10 39 9 8
J 99 39 5 39
J 99 39 23 11
J 99 39 32 12
B 10 39 26 13
J 99 39 39 14
J 99 39 19 39
J 99 39 8 1
J 99 39 10 49
B 10 39 28 21
B 10 40 25 14
B 10 40 24 11
B 10 40 26 10
J 99 40 24 9
J 99 40 29 3
J 99 40 17 43
J 99 40 34 22
J 99 40 0 26
J 99 40 29 2
M 0 40 0 7
J 99 40 7 1
J 99 40 36 45
M 0 40 45 17
B 10 41 45 40
J 99 41 28 33
J 99 41 10 3
J 99 41 0 27
M 0 41 46 15
M 0 41 0 8
B 10 41 45 41
J 99 41 10 47
J 99 42 17 42
B 10 42 4 23
B 10 42 44 44
J 99 42 41 6
J 99 42 46 2
M 0 42 6 18
M 0 42 27 19
J 99 42 49 2
M 0 43 5 18
J 99 43 42 45
J 99 43 24 10
M 0 43 45 43
J 99 43 32 10
J 99 43 30 11
J 99 43 46 9
J 99 43 17 41
J 99 43 26 7
B 10 43 45 34
M 0 44 45 20
T 0 44 19 49
J 99 44 45 7
J 99 44 18 43
G 0 44 45 11
J 99 44 34 21
T 0 44 46 14
J 99 44 7 48
J 99 45 11 7
J 99 45 2 46
B 10 45 0 44
B 10 45 6 11
G 0 45 45 10
J 99 45 2 45
M 0 45 42 23
J 99 45 34 28
J 99 46 25 0
B 10 46 7 36
B 10 46 27 8
B 10 46 26 8
B 10 46 36 19
J 99 46 32 39
J 99 46 40 5
J 99 46 10 8
B 10 46 4 49
B 10 46 26 16
T 0 46 44 26
M 0 47 46 16
M 0 47 43 25
J 99 47 18 42
J 99 47 26 0
T 0 47 3 48
B 10 47 1 24
J 99 47 10 1
J 99 47 1 22
B 10 47 12 6
J 99 47 10 4
M 0 48 13 5
J 99 48 39 15
B 10 48 9 9
M 0 48 44 25
J 99 48 40 9
M 0 48 46 28
J 99 48 43 26
J 99 48 23 10
B 10 48 10 5
M 0 48 5 21
J 99 48 11 8
M 0 48 39 5
J 99 48 9 5
M 0 48 5 19
J 99 48 44 7
J 99 49 32 9
M 0 49 2 19
J 99 49 40 14
B 10 49 44 31
J 99 49 24 21
J 99 49 23 39
J 99 49 44 12
J 99 49 24 33
M 0 49 5 20
J 99 49 16 44
J 99 49 9 3
M 0 49 45 29
B 10 49 25 8
J 99 49 14 6
M 0 49 45 16
J 99 50 15 44
B 10 50 4 22
B 10 50 5 49
J 99 50 20 34
J 99 50 1 20
J 99 50 8 5
J 99 50 8 48
J 99 50 3 3
M 0 50 21 1
J 99 50 44 30
J 99 50 9 4
M 0 50 47 33
B 10 50 24 13
J 99 50 45 9
G 0 50 23 0
M 0 50 47 34
J 99 51 0 28
B 10 51 23 49
J 99 51 28 32
J 99 51 43 12
M 0 51 48 33
M 0 51 45 30
B 10 51 35 16
M 0 51 45 27
J 99 51 45 28
M 0 51 5 10
B 10 51 47 26
B 10 51 5 48
J 99 51 42 29
J 99 51 1 21
J 99 51 11 9
M 0 51 4 7
M 0 51 14 5
M 0 51 48 26
J 99 51 21 34
M 0 51 7 10
J 99 51 43 27
M 0 52 2 20
M 0 52 5 17
B 10 52 27 33
J 99 52 41 27
M 0 52 49 17
M 0 52 48 28
J 99 52 1 23
M 0 52 4 20
B 10 52 29 20
J 99 52 8 6
J 99 52 7 49
M 0 52 5 14
M 0 52 48 32
M 0 52 41 22
J 99 52 41 11
M 0 53 48 27
G 0 53 44 11
B 10 53 10 6
T 0 53 0 14
J 99 53 41 9
J 99 53 40 48
M 0 53 5 9
J 99 53 27 23
M 0 53 48 34
M 0 53 2 21
J 99 53 19 43
J 99 53 1 25
J 99 53 25 6
J 99 53 36 10
T 0 53 24 0
B 10 53 7 8
J 99 53 43 11
B 10 53 25 13
J 99 53 42 46
B 10 53 45 31
J 99 53 42 27
M 0 53 4 8
B 10 54 17 6
T 0 54 3 49
J 99 54 28 28
M 0 54 5 16
M 0 54 4 9
J 99 54 6 30
M 0 54 6 10
M 0 54 4 12
M 0 54 3 20
T 0 54 4 6
J 99 54 0 23
B 10 54 22 48
M 0 54 5 8
J 99 54 20 41
M 0 54 2 14
J 99 54 8 49
M 0 54 3 15
M 0 54 7 7
J 99 54 45 8
M 0 54 49 30
M 0 54 4 13
B 10 54 39 16
M 0 54 49 15
B 10 54 5 13
B 10 55 7 9
J 99 55 2 15
J 99 55 31 41
T 0 55 19 48
M 0 55 49 16
B 10 55 40 25
M 0 55 3 7
B 10 55 15 45
J 99 55 2 16
M 0 55 3 16
J 99 55 15 43
J 99 55 27 28
J 99 55 25 7
J 99 55 18 41
J 99 55 0 22
B 10 55 4 24
J 99 56 29 9
M 0 56 48 30
J 99 56 2 17
M 0 56 3 19
M 0 56 3 14
M 0 56 49 29
J 99 56 44 9
M 0 56 4 14
J 99 56 42 28
M 0 56 4 10
B 10 56 48 15
J 99 56 0 15
G 0 56 25 5
M 0 56 4 11
M 0 56 48 25
G 0 57 25 1
J 99 57 39 48
J 99 57 19 1
M 0 57 48 24
M 0 57 19 0
M 0 57 48 31
B 10 57 46 36
T 0 57 49 28
J 99 57 6 12
M 0 57 3 17
M 0 57 48 16
M 0 57 3 9
B 10 57 18 8
J 99 57 20 18
M 0 57 4 15
J 99 57 43 28
M 0 57 49 31
J 99 58 18 0
J 99 58 6 31
J 99 58 41 46
J 99 58 27 29
J 99 58 23 42
J 99 58 44 8
M 0 58 5 7
M 0 58 48 29
T 0 58 3 5
M 0 58 4 16
M 0 58 46 30
J 99 58 15 25
M 0 58 3 13
G 0 58 25 4
M 0 58 3 18
M 0 58 47 16
M 0 58 47 31
J 99 58 23 33
B 10 58 2 24
M 0 58 6 9
J 99 59 23 40
M 0 59 4 17
J 99 59 9 44
J 99 59 14 7
T 0 59 24 1
J 99 59 47 35
J 99 59 6 35
M 0 59 3 12
M 0 59 20 0
J 99 59 23 32
M 0 59 3 21
J 99 59 9 49
M 0 59 46 29
J 99 59 39 47
G 0 59 25 2
J 99 59 2 18
M 0 59 6 8
B 10 60 46 35
J 99 60 23 37
M 0 60 3 10
J 99 60 10 2
J 99 60 28 29
J 99 60 9 48
J 99 60 23 35
J 99 60 1 45
M 0 60 4 18
T 0 60 49 27
B 10 60 46 37
M 0 60 4 21
M 0 60 47 30
B 10 60 8 7
B 10 60 25 9
M 0 60 49 32
J 99 60 16 43
J 99 60 12 21
M 0 60 3 8
J 99 60 24 8
T 0 60 24 3
T 0 60 2 49
J 99 61 23 31
J 99 61 40 15
J 99 61 41 8
M 0 61 5 6
J 99 61 13 22
J 99 61 19 42
J 99 61 23 36
M 0 61 49 49
M 0 61 3 11
B 10 61 45 35
M 0 61 49 33
B 10 61 39 19
M 0 61 2 9
M 0 61 6 7
J 99 61 32 13
J 99 61 31 30
J 99 61 37 33
B 10 61 25 10
M 0 61 4 19
J 99 61 0 21
J 99 61 28 30
B 10 61 5 11
J 99 61 23 9
J 99 61 9 2
J 99 61 41 10
B 10 61 26 6
J 99 61 22 8
J 99 62 3 4
J 99 62 29 30
M 0 62 2 8
J 99 62 1 19
G 0 62 26 1
B 10 62 39 8
J 99 62 40 49
B 10 62 3 22
J 99 62 31 31
J 99 62 42 6
J 99 62 7 12
J 99 62 31 29
J 99 62 36 33
T 0 62 3 6
J 99 62 7 31
B 10 62 43 45
T 0 62 17 49
T 0 62 44 48
J 99 62 22 9
J 99 62 25 19
J 99 63 27 26
B 10 63 49 18
J 99 63 2 7
T 0 63 18 49
B 10 63 30 38
B 10 63 35 17
J 99 63 37 10
G 0 63 2 25
B 10 63 47 32
J 99 63 1 26
B 10 63 46 34
J 99 63 41 48
J 99 63 6 13
J 99 63 48 17
M 0 63 47 49
B 10 64 34 16
T 0 64 24 2
J 99 64 24 36
J 99 64 29 28
M 0 64 47 29
J 99 64 1 46
J 99 64 40 8
G 0 64 26 5
J 99 64 24 37
B 10 64 11 6
J 99 64 7 28
B 10 64 0 24
B 10 64 24 5
J 99 64 42 47
B 10 64 15 48
J 99 64 14 25
J 99 64 23 34
J 99 64 7 13
J 99 64 9 47
J 99 64 7 6
B 10 64 46 31
M 0 64 49 34
M 0 65 21 0
T 0 65 45 49
J 99 65 35 44
J 99 65 44 49
J 99 65 2 6
M 0 65 49 43
M 0 65 49 44
J 99 65 42 12
M 0 65 45 21
J 99 65 13 21
J 99 65 7 29
J 99 65 24 34
J 99 65 7 2
J 99 65 41 7
J 99 65 28 26
G 0 65 25 3
J 99 65 1 27
B 10 65 27 7
B 10 65 35 18
J 99 65 6 17
T 0 65 15 46
M 0 65 28 6
J 99 66 40 47
J 99 66 41 49
J 99 66 15 4
J 99 66 29 29
M 0 66 1 8
B 10 66 5 15
J 99 66 41 13
M 0 66 49 35
J 99 66 29 31
J 99 66 10 34
J 99 66 25 37
J 99 66 47 36
G 0 66 23 1
J 99 66 2 26
M 0 66 2 10
J 99 66 28 31
J 99 66 1 17
J 99 66 14 41
M 0 66 46 22
J 99 66 1 7
J 99 66 22 35
J 99 66 35 33
M 0 66 6 6
J 99 66 15 1
M 0 66 14 2
J 99 66 24 7
B 10 67 49 13
J 99 67 0 45
M 0 67 44 23
J 99 67 24 35
J 99 67 20 30
B 10 67 33 5
J 99 67 27 25
J 99 67 32 14
B 10 67 16 49
J 99 67 0 20
M 0 67 5 4
J 99 67 12 26
M 0 67 2 12
J 99 67 2 4
M 0 67 44 20
M 0 67 45 22
T 0 67 24 4
J 99 67 35 45
J 99 67 40 16
M 0 67 6 5
B 10 67 8 8
J 99 67 15 6
M 0 68 46 21
B 10 68 4 5
J 99 68 13 30
J 99 68 42 7
J 99 68 31 11
J 99 68 23 8
T 0 68 42 26
M 0 68 44 24
J 99 68 11 0
G 0 68 26 4
M 0 68 15 0
J 99 68 30 29
J 99 68 40 17
J 99 68 37 34
J 99 68 5 3
J 99 68 25 36
B 10 68 16 37
B 10 68 49 19
M 0 68 44 22
T 0 68 1 49
M 0 68 1 9
J 99 68 29 10
M 0 68 2 11
J 99 68 21 33
B 10 68 27 6
J 99 68 37 9
J 99 68 8 2
M 0 68 47 28
J 99 68 23 41
J 99 68 27 1
J 99 68 18 2
J 99 68 27 24
G 0 68 22 2
J 99 69 22 34
M 0 69 49 45
M 0 69 43 23
B 10 69 16 48
M 0 69 0 9
J 99 69 31 9
J 99 69 46 3
M 0 69 46 23
J 99 69 17 2
T 0 69 23 3
M 0 69 40 18
J 99 69 1 15
J 99 69 20 22
B 10 69 16 45
B 10 69 46 48
M 0 69 49 46
J 99 69 41 17
M 0 69 14 0
J 99 69 13 31
J 99 69 15 2
T 0 69 46 47
M 0 69 6 4
J 99 69 42 11
M 0 69 49 36
J 99 69 45 14
M 0 69 43 24
M 0 69 0 12
M 0 69 47 27
G 0 69 45 13
J 99 69 7 5
M 0 69 44 21
J 99 69 12 9
B 10 69 41 25
J 99 69 43 47
M 0 69 21 2
J 99 69 7 14
J 99 70 22 31
B 10 70 2 22
B 10 70 6 16
J 99 70 1 28
J 99 70 7 15
J 99 70 27 30
M 0 70 43 22
M 0 70 43 13
J 99 70 0 46
J 99 70 6 2
M 0 70 0 10
M 0 70 47 47
J 99 70 25 35
J 99 70 15 41
M 0 70 21 3
J 99 70 1 16
B 10 70 34 24
M 0 70 14 3
J 99 70 39 46
J 99 70 48 42
T 0 70 44 18
B 10 70 25 11
J 99 70 19 16
M 0 70 1 10
M 0 70 12 0
M 0 70 47 43
J 99 70 29 32
M 0 70 41 24
M 0 70 48 41
J 99 70 47 2
M 0 70 46 24
J 99 70 42 48
J 99 70 28 4
B 10 71 45 36
J 99 71 14 31
B 10 71 2 47
J 99 71 7 16
M 0 71 47 25
J 99 71 46 45
J 99 71 1 18
B 10 71 38 33
J 99 71 13 10
J 99 71 24 41
M 0 71 47 22
J 99 71 48 35
M 0 71 13 0
J 99 71 30 30
J 99 71 44 13
J 99 71 31 26
M 0 71 47 42
M 0 71 45 23
J 99 71 8 4
J 99 71 17 3
J 99 71 12 33
J 99 71 9 45
M 0 71 47 23
M 0 71 48 46
J 99 71 15 7
T 0 71 47 14
J 99 72 16 1
B 10 72 24 31
J 99 72 27 0
J 99 72 12 37
G 0 72 22 0
M 0 72 43 21
M 0 72 45 15
B 10 72 3 23
M 0 72 49 37
J 99 72 13 25
J 99 72 2 27
M 0 72 14 4
J 99 72 41 16
B 10 72 44 38
B 10 72 23 5
M 0 72 47 24
J 99 72 30 28
B 10 72 46 44
M 0 72 48 22
M 0 72 1 11
J 99 72 24 6
J 99 72 0 19
M 0 72 47 41
J 99 72 42 10
M 0 72 46 25
J 99 72 49 42
J 99 72 42 49
G 0 72 27 2
G 0 72 2 13
J 99 72 15 3
J 99 72 48 36
B 10 72 11 3
B 10 72 44 47
J 99 72 19 27
J 99 72 23 43
J 99 73 14 30
B 10 73 17 8
J 99 73 16 2
M 0 73 48 43
J 99 73 5 31
J 99 73 41 15
J 99 73 49 41
M 0 73 45 44
T 0 73 45 48
J 99 73 16 41
J 99 73 40 6
J 99 73 49 21
M 0 73 49 47
J 99 73 11 33
B 10 73 47 37
J 99 73 16 0
J 99 73 11 1
M 0 73 48 40
J 99 73 28 3
J 99 74 42 8
J 99 74 31 27
M 0 74 0 11
B 10 74 15 5
J 99 74 47 3
J 99 74 22 32
B 10 74 11 2
M 0 74 6 20
J 99 74 8 3
J 99 74 44 29
B 10 74 45 32
T 0 74 46 46
J 99 74 1 47
B 10 74 22 5
M 0 74 42 24
M 0 74 49 48
J 99 74 25 20
J 99 74 28 2
M 0 74 49 38
J 99 74 19 28
B 10 75 44 45
B 10 75 40 19
M 0 75 48 23
M 0 75 47 21
J 99 75 0 18
J 99 75 48 3
J 99 75 1 4
M 0 75 47 40
B 10 75 49 20
M 0 75 45 26
J 99 75 6 3
M 0 75 41 20
J 99 75 47 44
J 99 75 25 33
J 99 75 18 15
M 0 75 44 16
J 99 75 39 45
B 10 75 11 4
M 0 75 48 39
M 0 75 43 14
B 10 75 6 47
J 99 76 20 21
B 10 76 46 38
J 99 76 28 0
G 0 76 0 13
M 0 76 42 18
J 99 76 28 24
M 0 76 43 15
J 99 76 49 22
J 99 76 36 34
M 0 76 13 1
T 0 76 23 2
J 99 76 30 0
M 0 76 45 24
J 99 76 25 34
J 99 76 34 20
J 99 76 41 14
B 10 76 6 48
M 0 77 42 19
J 99 77 40 45
B 10 77 21 37
B 10 77 16 5
J 99 77 43 6
T 0 77 45 47
B 10 77 39 6
J 99 77 15 26
J 99 77 0 17
J 99 77 48 37
B 10 77 45 37
J 99 77 17 0
B 10 77 12 2
B 10 77 6 14
J 99 77 42 17
J 99 77 30 31
J 99 77 48 1
B 10 77 46 39
J 99 77 20 19
B 10 78 48 13
B 10 78 48 21
J 99 78 30 9
B 10 78 45 42
M 0 78 46 40
J 99 78 23 6
M 0 78 13 4
M 0 78 43 16
J 99 78 13 26
B 10 78 40 23
B 10 78 22 3
J 99 78 24 44
J 99 78 7 3
G 0 78 44 10
J 99 78 42 16
J 99 78 42 9
M 0 79 48 48
J 99 79 4 38
J 99 79 38 10
B 10 79 16 46
J 99 79 31 42
B 10 79 46 33
M 0 79 43 17
J 99 79 19 41
B 10 79 34 17
J 99 79 18 17
B 10 79 12 3
J 99 79 12 34
M 0 79 48 44
B 10 79 46 43
B 10 79 27 5
J 99 80 1 48
J 99 80 12 35
T 0 80 44 17
M 0 80 45 25
J 99 80 24 42
J 99 80 6 34
T 0 80 6 19
J 99 80 4 43
T 0 80 22 36
J 99 80 42 14
M 0 80 49 25
B 10 80 33 4
B 10 80 45 38
M 0 81 43 18
B 10 81 41 18
J 99 81 47 45
J 99 81 43 10
B 10 81 12 4
B 10 81 32 4
J 99 81 24 19
J 99 81 26 35
J 99 81 16 8
J 99 81 43 48
J 99 81 1 5
J 99 81 6 32
J 99 81 0 48
M 0 81 13 2
G 0 81 26 3
J 99 81 31 13
B 10 82 16 4
J 99 82 5 32
B 10 82 2 23
B 10 82 12 5
T 0 82 47 15
J 99 82 13 9
B 10 82 40 26
J 99 82 27 31
B 10 82 11 5
M 0 82 1 12
M 0 82 42 20
J 99 82 4 42
B 10 82 6 15
B 10 82 1 44
M 0 82 48 45
J 99 82 11 34
J 99 82 28 25
J 99 82 49 23
J 99 82 46 27
J 99 82 2 28
B 10 82 30 37
J 99 82 43 8
B 10 82 26 17
B 10 82 39 17
B 10 82 16 36
M 0 82 47 39
B 10 82 29 21
J 99 82 1 6
J 99 82 4 39
M 0 82 13 3
B 10 82 25 12
J 99 82 44 14
J 99 82 14 29
B 10 82 3 24
J 99 82 48 18
J 99 82 44 39
B 10 82 22 4
B 10 82 27 34
B 10 82 46 10
J 99 82 30 1
B 10 82 46 42
J 99 82 24 43
J 99 82 17 12
B 10 82 16 47
B 10 82 46 26
J 99 82 12 36
J 99 82 31 10
J 99 82 30 46
J 99 82 16 7
J 99 82 33 39
M 0 82 49 39
B 10 82 11 49
B 10 82 8 9
B 10 82 16 6
B 10 82 4 4
G 0 82 26 2
B 10 82 35 19
B 10 82 21 38
J 99 82 18 16
T 0 82 0 49
J 99 82 42 13
T 0 82 45 46
J 99 82 36 44
J 99 82 18 1
B 10 82 41 26
B 10 82 16 19
B 10 82 30 39
J 99 82 17 1
J 99 82 0 36
B 10 82 6 37
J 99 82 23 7
J 99 82 40 46
J 99 82 7 30
T 0 82 45 45
J 99 82 7 4
B 10 82 47 48
J 99 82 30 32
J 99 82 19 40
B 10 82 20 46
B 10 82 14 45
J 99 82 47 46
B 10 82 29 0
G 0 82 1 13
B 10 82 38 4
J 99 82 42 25
B 10 82 48 14
B 10 82 45 39
B 10 82 7 18
G 0 82 27 3
T 0 82 44 15
T 0 82 23 4
J 99 82 46 41
B 10 82 48 20
M 0 82 48 47
J 99 82 22 33
J 99 82 16 3
B 10 82 6 29
M 0 82 47 20
J 99 82 43 7
J 99 82 0 47
B 10 82 44 46
M 0 82 49 24
B 10 82 38 34
J 99 82 28 1
M 0 82 5 5
J 99 82 26 34
B 10 82 43 46
J 99 82 29 4
J 99 82 43 29
J 99 82 32 42
J 99 82 0 16
J 99 82 48 38
B 10 82 7 35
M 0 82 48 49
T 0 82 44 27
J 99 82 44 28
T 0 82 1 14
J 99 82 4 41
J 99 82 12 1
B 10 82 17 7
J 99 82 35 46
B 10 82 24 32
J 99 82 30 10
J 99 82 9 46
J 99 82 14 21
J 99 82 2 5
B 10 82 14 1
B 10 82 33 14
B 10 82 2 48
B 10 82 6 49
J 99 82 34 29
J 99 82 18 40
B 10 82 36 27
G 0 82 29 1
J 99 82 31 28
B 10 82 43 20
J 99 82 20 20
B 10 82 46 49
B 10 82 34 23
B 10 82 46 32
J 99 82 48 2
B 10 82 19 2
J 99 82 49 40
B 10 82 0 25
J 99 82 35 34
G 0 82 22 1
B 10 82 49 14
J 99 82 39 9
B 10 82 34 18
J 99 82 15 42
J 99 82 36 35
J 99 82 34 19
T 0 82 22 37
T 0 82 49 26
B 10 82 41 19
J 99 82 40 7
J 99 82 19 30
J 99 82 43 49
J 99 82 22 10
B 10 82 23 48
J 99 82 42 15
B 10 82 27 4
J 99 82 24 20
B 10 82 38 8
J 99 82 14 26
B 10 82 32 5
J 99 82 16 42
B 10 82 28 20
J 99 82 31 14
B 10 82 39 7
B 10 82 5 12
J 99 82 6 33
B 10 82 40 24
J 99 82 43 9
J 99 82 38 9
B 10 82 7 21
B 10 82 47 38
B 10 82 9 10
J 99 82 19 29
J 99 82 7 17
B 10 82 24 14
L 3 0 2 44
L 3 0 20 45
L 3 0 17 9
L 3 0 28 14
L 3 0 29 19
L 3 0 23 14
L 3 0 5 37
L 3 0 24 46
L 3 0 25 30
L 3 0 29 23
L 3 0 0 42
L 3 0 4 26
L 3 0 33 17
L 3 0 1 42
L 3 0 29 37
L 3 0 22 39
L 3 0 22 44
L 3 0 25 48
L 3 0 12 8
L 3 0 19 9
L 3 0 8 35
L 3 0 43 37
L 3 0 5 25
L 3 0 33 18
L 3 0 20 8
L 3 0 30 15
L 3 0 32 24
L 3 0 4 28
L 3 0 14 33
L 3 0 26 36
L 3 0 11 44
W 9 0 10 10
W 9 0 30 33
W 9 0 46 0
W 9 0 46 7
W 9 0 34 6
W 9 0 41 5
W 9 0 37 7
W 9 0 8 20
W 9 0 34 5
W 9 0 43 42
W 9 0 44 6
W 9 0 13 40
W 9 0 17 36
W 9 0 29 40
W 9 0 8 15
W 9 0 9 38
W 9 0 38 3
W 9 0 47 4
W 9 0 41 35
W 9 0 39 4
W 9 0 10 12
W 9 0 43 40
W 9 0 34 3
W 9 0 30 36
W 9 0 37 31
W 9 0 7 23
W 9 0 41 29
W 9 0 8 16
W 9 0 25 24
W 9 0 10 37
W 9 0 18 35
W 9 0 8 17
W 9 0 40 33
W 9 0 28 38
W 9 0 39 30
W 9 0 12 43
W 9 0 25 49
W 9 0 47 5
W 9 0 39 32
W 9 0 42 34
O 4 0 5 0
T 0 0 47 11
B 10 0 36 25
M 0 0 37 24
M 0 0 6 22
J 99 0 11 48
J 99 0 20 6
J 99 0 25 17
J 99 0 18 3
